15
33
46
103
112
116
119
126
141
151
154
187
193
203
231
234
236
237
267
312
346
378
404
405
436
443
450
460
472
479
522
572
580
581
583
593
600
608
620
628
647
671
686
711
747
757
763
771
772
792
812
824
851
852
887
897
903
904
985
989
990
1018
1053
1070
1074
1075
1076
1088
1092
1097
1102
1108
1156
1175
1176
1182
1185
1258
1288
1306
1308
1333
1347
1351
1352
1361
1364
1377
1392
1396
1399
1405
1408
1424
1433
1441
1474
1554
1630
1647
1648
1653
1675
1719
1741
1744
1752
1760
1763
1766
1772
1802
1874
1875
1928
1937
1984
1994
1997
2025
2035
2053
2069
2075
2091
2099
2107
2115
2121
2122
2127
2137
2148
2152
2157
2165
2172
2185
2187
2193
2197
2198
2205
2209
2236
2237
2238
2240
2241
2243
2244
2250
2253
2258
2274
2279
2282
2283
2295
2306
2309
2318
2335
2336
2346
2363
2377
2392
2403
2413
2414
2446
2448
2449
2468
2469
2479
2495
2511
2515
2527
2538
2549
2551
2563
2568
2577
2591
2592
2593
2595
2599
2609
2617
2620
2621
2622
2625
2629
2645
2646
2664
2667
2675
2682
2690
2698
2704
2710
2716
2718
2722
2745
2747
2748
2756
2765
2766
2775
2777
2781
2787
2788
2793
2794
2820
2831
2843
2845
2847
2863
2870
2894
2913
2918
2922
2930
2933
2957
2973
2976
2985
2992
2997
3004
3006
3011
3012
3014
3018
3038
3060
3063
3066
3074
3077
3083
3100
3103
3112
3118
3120
3122
3125
3126
3127
3137
3139
3150
3153
3169
3177
3178
3180
3195
3197
3199
3204
3206
3211
3219
3220
3223
3228
3230
3233
3237
3246
3252
3270
3273
3331
3349
3360
3367
3373
3401
3403
3408
3422
3441
3445
3446
3449
3487
3492
3493
3503
3506
3520
3528
3543
3561
3562
3576
3582
3599
3606
3620
3631
3637
3641
3647
3658
3661
3670
3673
3682
3683
3687
3703
3707
3709
3715
3718
3727
3728
3749
3750
3752
3756
3762
3788
3795
3804
3815
3816
3824
3833
3837
3851
3855
3891
3895
3897
3905
3915
3931
3932
3953
3992
3995
4010
4025
4036
4039
4053
4062
4068
4070
4074
4075
4086
4087
4097
4107
4118
4128
4129
4132
4134
4135
4139
4140
4144
4163
4164
4176
4179
4183
4204
4206
4210
4232
4247
4251
4255
4266
4275
4276
4285
4292
4293
4302
4307
4310
4311
4314
4317
4319
4320
4333
4335
4339
4343
4351
4370
4375
4377
4379
4380
4382
4385
4388
4405
4406
4417
4420
4421
4426
4427
4435
4447
4452
4455
4458
4459
4465
4472
4479
4481
4484
4487
4488
4489
4491
4492
4502
4507
4521
4523
4526
4539
4543
4545
4549
4557
4567
4569
4580
4584
4585
4586
4589
4598
4609
4611
4613
4624
4625
4627
4630
4640
4642
4647
4649
4652
4655
4656
4658
4659
4662
4668
4672
4674
4676
4677
4678
4681
4683
4689
4691
4697
4705
4707
4717
4734
4739
4747
4751
4758
4772
4774
4778
4783
4785
4792
4794
4798
4804
4808
4815
4825
4828
4829
4841
4844
4852
4862
4864
4865
4869
4871
4873
4874
4882
4883
4888
4889
4894
4899
4900
4902
4910
4911
4912
4913
4922
4929
4935
4937
4938
4951
4954
4983
4990
5004
5011
5030
5034
5039
5048
5057
5058
5068
5074
5075
5079
5081
5083
5090
5098
5099
5114
5115
5121
5122
5125
5133
5138
5141
5142
5144
5147
5151
5155
5167
5189
5190
5193
5195
5200
5201
5214
5225
5226
5229
5231
5233
5234
5237
5238
5240
5244
5251
5255
5264
5265
5270
5273
5274
5275
5298
5302
5309
5310
5315
5321
5322
5333
5340
5343
5373
5375
5386
5390
5396
5400
5404
5408
5418
5420
5425
5438
5442
5445
5452
5454
5461
5465
5486
5487
5502
5504
5523
5529
5547
5548
5552
5556
5581
5585
5587
5593
5594
5599
5615
5623
5624
5625
5627
5632
5635
5638
5643
5645
5648
5659
5660
5665
5669
5673
5681
5686
5697
5711
5712
5714
5719
5723
5734
5745
5750
5751
5753
5758
5759
5768
5769
5778
5780
5781
5786
5790
5800
5802
5806
5809
5813
5816
5829
5830
5838
5842
5858
5865
5872
5873
5874
5878
5884
5886
5892
5893
5897
5904
5911
5916
5917
5920
5922
5934
5946
5964
5967
5968
5970
5975
5980
5983
6016
6018
6021
6025
6026
6027
6032
6034
6042
6062
6067
6071
6075
6077
6079
6084
6086
6090
6100
6105
6110
6117
6119
6120
6129
6134
6146
6150
6156
6158
6164
6190
6192
6196
6198
6199
6209
6215
6217
6218
6237
6240
6243
6244
6247
6260
6261
6266
6274
6277
6287
6290
6291
6295
6297
6301
6329
6333
6334
6336
6345
6355
6371
6376
6382
6386
6402
6405
6407
6415
6417
6420
6421
6428
6429
6436
6445
6448
6452
6453
6457
6463
6467
6475
6478
6479
6482
6487
6490
6492
6496
6498
6505
6507
6513
6516
6526
6528
6531
6532
6536
6544
6551
6560
6568
6569
6589
6601
6607
6608
6614
6617
6618
6619
6626
6633
6634
6635
6637
6638
6639
6643
6650
6651
6652
6654
6659
6661
6667
6668
6684
6691
6692
6694
6722
6725
6726
6750
6754
6755
6757
6758
6775
6783
6788
6795
6803
6804
6805
6808
6818
6823
6824
6827
6829
6845
6850
6851
6852
6856
6864
6867
6870
6874
6875
6878
6881
6890
6891
6894
6895
6900
6908
6909
6916
6917
6920
6933
6936
6943
6967
6979
6981
6983
6994
6997
7005
7014
7033
7044
7047
7050
7054
7057
7060
7067
7075
7076
7080
7088
7094
7100
7102
7105
7106
7107
7112
7113
7129
7132
7142
7146
7150
7159
7162
7164
7176
7182
7183
7192
7194
7195
7199
7200
7202
7205
7207
7209
7214
7220
7221
7223
7224
7236
7238
7245
7248
7264
7274
7278
7286
7288
7291
7296
7299
7300
7306
7307
7308
7314
7320
7328
7336
7339
7341
7345
7350
7351
7353
7357
7363
7369
7371
7374
7376
7377
7389
7401
7405
7408
7422
7429
7436
7438
7443
7456
7461
7463
7470
7472
7481
7482
7487
7501
7503
7505
7507
7509
7515
7516
7519
7528
7531
7533
7541
7544
7545
7554
7559
7565
7570
7581
7601
7603
7608
7610
7615
7633
7641
7642
7646
7648
7649
7661
7663
7673
7678
7679
7680
7686
7689
7711
7719
7724
7725
7732
7735
7736
7740
7744
7751
7754
7755
7765
7770
7778
7782
7785
7788
7789
7790
7795
7800
7803
7804
7806
7808
7809
7811
7833
7842
7844
7847
7866
7872
7873
7880
7887
7900
7902
7905
7909
7910
7920
7940
7949
7953
7957
7965
7967
7969
7970
7971
7980
7983
7992
8005
8010
8017
8025
8037
8039
8044
8046
8047
8048
8055
8056
8060
8065
8069
8071
8083
8085
8096
8097
8105
8106
8108
8113
8122
8128
8133
8137
8150
8153
8155
8168
8169
8171
8180
8186
8188
8191
8192
8196
8198
8200
8206
8208
8209
8211
8218
8219
8224
8229
8236
8240
8241
8247
8248
8250
8254
8263
8264
8268
8274
8278
8279
8281
8284
8293
8307
8316
8331
8333
8334
8340
8348
8353
8357
8361
8366
8370
8371
8372
8374
8375
8378
8381
8392
8400
8401
8409
8426
8432
8433
8434
8438
8439
8446
8450
8453
8454
8456
8462
8463
8465
8473
8477
8478
8494
8498
8503
8509
8521
8529
8531
8536
8539
8558
8564
8565
8570
8573
8576
8581
8588
8589
8592
8599
8602
8603
8604
8608
8614
8616
8619
8624
8637
8640
8643
8648
8649
8650
8659
8664
8671
8674
8675
8677
8681
8684
8690
8695
8704
8709
8710
8712
8713
8714
8726
8740
8745
8760
8764
8773
8777
8778
8780
8781
8782
8783
8789
8795
8806
8811
8814
8815
8816
8818
8825
8832
8852
8857
8861
8871
8887
8890
8898
8903
8909
8921
8925
8931
8933
8948
8950
8957
8959
8967
8980
8994
8996
9000
9001
9006
9009
9020
9031
9037
9039
9055
9058
9062
9068
9074
9084
9093
9094
9108
9109
9136
9138
9141
9149
9152
9164
9172
9174
9177
9184
9187
9196
9200
9202
9209
9213
9215
9228
9230
9234
9236
9279
9281
9293
9296
9299
9313
9314
9333
9334
9341
9351
9355
9362
9373
9375
9380
9382
9383
9391
9394
9395
9396
9402
9409
9411
9415
9428
9434
9438
9444
9448
9449
9458
9475
9477
9482
9483
9486
9497
9503
9504
9511
9523
9538
9541
9542
9546
9548
9550
9563
9570
9595
9598
9604
9617
9619
9626
9632
9636
9644
9670
9672
9682
9685
9700
9701
9707
9710
9719
9720
9731
9741
9746
9755
9757
9764
9768
9769
9770
9775
9783
9789
9796
9798
9799
9814
9828
9839
9844
9851
9856
9861
9868
9873
9877
9881
9885
9896
9905
9907
9908
9915
9928
9931
9957
9960
9969
9977
9979
9986
9989
9990
9991
10004
10005
10018
10020
10033
10034
10049
10061
10064
10070
10071
10075
10078
10086
10087
10088
10089
10093
10095
10102
10104
10108
10122
10132
10134
10138
10143
10149
10150
10154
10158
10162
10179
10185
10191
10195
10196
10199
10202
10209
10214
10229
10237
10241
10243
10244
10250
10253
10262
10263
10268
10278
10284
10287
10289
10290
10291
10295
10308
10316
10327
10337
10339
10340
10342
10347
10348
10353
10372
10376
10384
10386
10397
10411
10412
10417
10418
10421
10426
10429
10431
10433
10438
10449
10450
10462
10465
10473
10474
10483
10484
10485
10504
10520
10523
10529
10532
10534
10535
10542
10551
10557
10567
10568
10572
10573
10578
10581
10590
10592
10598
10601
10605
10608
10612
10618
10629
10632
10633
10641
10644
10648
10663
10678
10688
10699
10701
10703
10705
10715
10717
10721
10728
10731
10733
10734
10740
10743
10748
10753
10757
10770
10771
10772
10775
10779
10789
10791
10792
10794
10801
10802
10813
10824
10825
10827
10835
10837
10841
10851
10855
10858
10873
10879
10883
10891
10892
10895
10896
10906
10907
10909
10910
10914
10915
10916
10925
10957
10959
10963
10964
10971
10972
10977
10983
10985
10986
10995
10997
11014
11032
11036
11049
11050
11052
11053
11059
11063
11066
11069
11072
11073
11094
11097
11098
11108
11109
11114
11123
11127
11128
11130
11144
11147
11148
11153
11155
11164
11166
11167
11173
11178
11183
11186
11188
11195
11197
11204
11205
11207
11217
11231
11235
11257
11258
11261
11266
11267
11268
11272
11302
11321
11324
11339
11379
11380
11387
11388
11394
11402
11409
11435
11442
11444
11468
11470
11472
11483
11489
11506
11507
11528
11532
11536
11548
11557
11566
11599
11630
11645
11653
11661
11662
11670
11675
11680
11681
11693
11705
11715
11720
11729
11732
11750
11771
11775
11785
11803
11813
11814
11815
11826
11840
11846
11852
11867
11888
11891
11914
11915
11923
11934
11941
11972
11986
11996
12000
12006
12011
12023
12027
12028
12032
12035
12042
12045
12053
12056
12061
12065
12066
12069
12071
12080
12081
12082
12086
12091
12098
12117
12133
12136
12147
12149
12150
12155
12157
12162
12166
12171
12179
12180
12184
12189
12197
12199
12201
12204
12206
12226
12229
12237
12238
12240
12241
12244
12245
12247
12253
12254
12267
12269
12273
12274
12278
12281
12282
12291
12294
12299
12306
12311
12313
12314
12317
12332
12335
12336
12343
12350
12356
12358
12359
12361
12365
12367
12369
12370
12371
12373
12374
12375
12385
12387
12401
12409
12415
12416
12418
12422
12433
12434
12436
12444
12446
12449
12451
12452
12453
12457
12477
12481
12482
12485
12494
12496
12500
12501
12502
12506
12508
12511
12512
12514
12516
12530
12531
12532
12533
12536
12539
12550
12554
12556
12558
12559
12568
12569
12571
12582
12583
12584
12596
12598
12601
12617
12619
12626
12627
12628
12631
12637
12638
12641
12643
12644
12645
12656
12659
12660
12662
12663
12667
12673
12674
12676
12679
12680
12681
12684
12685
12686
12699
12709
12712
12714
12717
12720
12722
12729
12741
12742
12743
12745
12748
12754
12758
12759
12763
12768
12772
12773
12776
12780
12785
12789
12790
12797
12802
12803
12805
12811
12813
12814
12824
12828
12831
12833
12835
12844
12850
12854
12855
12856
12857
12859
12866
12871
12875
12876
12881
12882
12887
12890
12891
12894
12895
12896
12902
12908
12912
12913
12915
12916
12923
12924
12928
12933
12945
12947
12951
12952
12953
12955
12961
12965
12966
12970
12971
12974
12975
12979
12981
12982
12983
12985
12986
12988
12995
13008
13011
13012
13016
13017
13023
13026
13028
13030
13036
13040
13042
13048
13049
13050
13058
13059
13063
13065
13067
13068
13073
13081
13087
13093
13105
13109
13111
13112
13113
13115
13118
13132
13133
13134
13136
13137
13140
13146
13147
13149
13151
13155
13157
13158
13159
13162
13166
13175
13178
13179
13182
13183
13184
13188
13189
13191
13192
13196
13197
13203
13205
13208
13213
13219
13230
13234
13238
13248
13249
13267
13272
13283
13295
13301
13310
13312
13314
13316
13318
13319
13322
13325
13331
13334
13340
13342
13346
13352
13356
13360
13363
13364
13368
13370
13373
13374
13375
13380
13382
13386
13388
13394
13396
13397
13400
13401
13405
13406
13407
13408
13409
13410
13420
13422
13425
13427
13428
13429
13430
13431
13432
13434
13435
13436
13437
13439
13442
13448
13452
13454
13456
13457
13458
13459
13460
13463
13466
13468
13476
13477
13478
13484
13490
13491
13494
13496
13502
13504
13505
13508
13516
13518
13523
13526
13528
13529
13533
13534
13537
13539
13546
13550
13565
13572
13574
13576
13581
13582
13584
13585
13586
13587
13588
13589
13596
13600
13610
13612
13613
13616
13621
