20
37
88
89
182
286
333
437
516
569
714
715
741
744
790
820
823
840
891
972
988
1027
1218
1236
1261
1305
1309
1385
1570
1601
1661
1713
1793
1794
1829
1868
1886
1913
1926
1936
1966
2023
2054
2093
2496
2536
2691
2699
2949
2966
2989
2993
3094
3133
3168
3214
3255
3258
3434
3465
3796
3879
4063
4173
4180
4238
4264
4367
4395
4631
4744
4765
4781
4790
4950
5009
5015
5046
5134
5182
5432
5444
5773
6203
6235
6302
6328
6381
6937
6976
7016
7096
7099
7257
7412
7637
7712
7854
7928
8140
8294
8349
8466
8663
9007
9163
9178
9280
9384
9404
9608
9647
9659
9704
9812
9842
10252
10274
10393
10570
10577
10624
10666
10854
10999
11015
11282
11347
11465
11649
11672
11737
11884
12106
12200
12400
12747
12910
13190
13343
13624
