0
18
20
37
45
88
89
169
182
189
235
323
341
355
379
380
437
467
473
477
480
514
539
668
745
753
819
823
833
891
895
910
917
923
939
943
944
951
952
966
969
1009
1021
1037
1051
1069
1124
1130
1137
1147
1193
1220
1254
1274
1276
1279
1305
1373
1380
1384
1403
1499
1570
1572
1611
1612
1646
1680
1713
1765
1829
1860
1868
1894
1920
1940
2108
2128
2447
2456
2578
2691
2699
2759
2783
3208
3229
3296
3412
3662
3796
3917
4158
4268
4315
4367
4409
4568
4641
4716
4744
4765
4851
4950
5055
5207
5328
5334
5410
5828
5881
5890
6184
6216
6282
6361
6370
6577
6664
6715
6790
6872
6929
7359
7400
7444
7492
7514
7611
7904
8214
8215
8351
8481
8568
8574
8668
8715
9070
9135
9208
9252
9280
9371
9445
9536
9791
9807
10035
10066
10231
10239
10395
10597
10634
11046
11056
11169
11300
11323
11341
11446
11616
11730
11884
12060
12106
12288
12344
12362
12704
12846
12932
12989
13001
13127
13187
13256
13514
