18
20
21
37
45
50
60
62
72
88
89
90
120
131
132
135
136
163
164
168
174
182
185
206
211
292
303
305
318
320
336
385
437
439
473
477
506
514
515
559
569
575
577
619
627
642
661
745
769
790
809
819
820
883
891
895
920
923
943
951
957
964
967
969
984
994
1009
1045
1046
1049
1211
1213
1226
1247
1254
1277
1279
1285
1305
1311
1330
1342
1373
1400
1415
1431
1445
1483
1506
1521
1527
1529
1552
1570
1589
1598
1601
1619
1680
1713
1721
1745
1751
1774
1811
1812
1829
1868
1869
1913
1940
2072
2117
2171
2207
2311
2382
2525
2526
2594
2663
2692
2758
2789
2993
3039
3133
3163
3191
3238
3258
3276
3357
3452
3466
3469
3648
3672
3753
4158
4268
4367
4527
4582
4744
4790
4848
4920
4950
4965
4989
5055
5376
5382
5410
5432
5762
5832
5923
5942
6225
6265
6585
6929
6954
7232
7292
7583
7619
7728
7834
7945
8214
8330
8460
8596
8600
9007
9070
9166
9371
9468
9917
9945
10144
10596
10681
10826
11149
11221
11233
11254
11456
11950
11982
12545
12629
12980
13041
13279
13598
