20
21
37
88
89
90
91
132
174
225
320
322
323
473
506
515
569
584
695
744
761
782
813
820
883
923
934
952
960
1009
1087
1155
1271
1277
1279
1321
1341
1363
1445
1503
1506
1601
1611
1678
1680
1765
1777
1809
1829
1860
1867
1868
2044
2063
2110
2484
2525
2708
2737
2758
2759
2785
2823
2854
3028
3039
3255
3258
3400
3419
3424
3455
3699
3822
3852
3864
4306
4367
4631
4764
4765
4928
4950
5020
5024
5170
5207
5314
5356
5382
5572
5828
5908
5963
6031
6381
6423
6707
6708
6872
6929
6990
7058
7225
7232
7582
7588
7652
7665
8214
8216
8540
8668
8829
9061
9169
9223
9280
9364
9564
9790
9917
10352
10395
10446
10593
11323
11336
11341
11448
11511
11673
11719
11807
12111
12159
12602
12779
12836
13292
13372
13605
13611
